LINEAR PROBING HASH TABLE

Index	Value
0	55555 99999 
1	
2	27431 
3	49531 14763 
4	1234 78888 
5	90123 92501 47893 
6	49287 
7	39531 
8	22599 71717 62000 
9	37319 89102 26987 
10	62699 
11	11 
12	88531 
13	72501 81111 92345 
14	90911 
15	54545 
16	84763 13956 
17	62501 78901 
18	42699 
19	31753 9531 35197 
20	
21	
22	
23	47993 
24	64763 
25	42501 
26	22699 67676 56565 
27	33975 19501 78911 
28	18765 89531 
29	
30	80800 358 
31	99989 
32	79531 57391 22705 
33	2698 38531 
34	2699 
35	67890 
36	
37	12501 54321 
38	
39	22999 12503 
40	59531 
41	
42	
43	
44	
45	
46	
47	
48	
49	
50	
51	
52	
53	
54	
55	
56	
57	
58	
59	
60	
61	
62	
63	
64	
65	
66	
67	
68	
69	
70	
71	
72	
73	
74	
75	
76	
77	
78	
79	
80	
81	
82	
83	
84	
85	
86	
87	
88	
89	
90	
91	
92	
93	
94	
95	
96	
97	
98	
99	
100	
101	
102	
103	
104	
105	
106	
107	
108	
109	
110	
111	
112	
113	
114	
115	
116	
117	
118	
119	


 Slots used:		34
 Collisions occured:	37 
 Values not stored:	0
 Load factor:		0.28333333





My Algorithm:
LINEAR PROBING HASH TABLE

Index	Value
0	80800 62000 
1	12501 72501 62501 
2	42501 78901 92501 
3	19501 12503 
4	
5	22705 
6	
7	
8	
9	
10	
11	90911 11 78911 
12	
13	
14	
15	
16	
17	71717 
18	
19	37319 
20	
21	54321 
22	
23	90123 
24	
25	
26	
27	
28	
29	
30	
31	59531 39531 49531 
32	89531 79531 27431 
33	9531 38531 88531 
34	1234 
35	
36	
37	
38	
39	
40	
41	
42	
43	
44	
45	54545 92345 
46	
47	
48	
49	
50	
51	
52	
53	31753 
54	
55	55555 
56	13956 
57	
58	358 
59	
60	
61	
62	
63	84763 14763 64763 
64	
65	18765 56565 
66	
67	
68	
69	
70	
71	
72	
73	
74	
75	33975 
76	67676 
77	
78	
79	
80	
81	
82	
83	
84	
85	
86	
87	49287 26987 
88	78888 
89	99989 
90	67890 
91	57391 
92	
93	47893 47993 
94	
95	
96	
97	35197 
98	2698 
99	22599 99999 42699 
100	2699 22699 22999 
101	62699 
102	89102 
103	
104	
105	
106	
107	
108	
109	
110	
111	81111 
112	
113	
114	
115	
116	
117	
118	
119	


 Slots used:		36
 Collisions occured:	52 
 Values not stored:	0
 Load factor:		0.3



QUADRATIC PROBING HASH TABLE

Index	Value
0	55555 99999 
1	
2	27431 
3	49531 14763 
4	1234 78888 
5	90123 92501 47893 
6	49287 
7	39531 
8	22599 71717 62000 
9	37319 89102 26987 
10	62699 
11	11 
12	88531 
13	72501 81111 92345 
14	90911 
15	54545 
16	84763 13956 
17	62501 78901 
18	42699 
19	31753 9531 35197 
20	
21	
22	
23	47993 
24	64763 
25	42501 
26	22699 67676 56565 
27	33975 19501 78911 
28	18765 89531 
29	
30	80800 358 
31	99989 
32	79531 57391 22705 
33	2698 38531 
34	2699 
35	67890 
36	
37	12501 54321 
38	
39	22999 12503 
40	59531 
41	
42	
43	
44	
45	
46	
47	
48	
49	
50	
51	
52	
53	
54	
55	
56	
57	
58	
59	
60	
61	
62	
63	
64	
65	
66	
67	
68	
69	
70	
71	
72	
73	
74	
75	
76	
77	
78	
79	
80	
81	
82	
83	
84	
85	
86	
87	
88	
89	
90	
91	
92	
93	
94	
95	
96	
97	
98	
99	
100	
101	
102	
103	
104	
105	
106	
107	
108	
109	
110	
111	
112	
113	
114	
115	
116	
117	
118	
119	


 Slots used:		34
 Collisions occured:	40 
 Values not stored:	0
 Load factor:		0.28333333





My Algorithm:
QUADRATIC PROBING HASH TABLE

Index	Value
0	80800 62000 
1	12501 72501 62501 
2	42501 78901 92501 
3	12503 
4	
5	19501 22705 
6	
7	
8	
9	
10	
11	90911 11 78911 
12	
13	
14	
15	
16	
17	71717 
18	
19	37319 
20	
21	54321 
22	
23	90123 
24	
25	
26	
27	
28	
29	
30	
31	59531 39531 49531 
32	89531 79531 27431 
33	
34	1234 
35	9531 38531 88531 
36	
37	
38	
39	
40	
41	
42	
43	
44	
45	54545 92345 
46	
47	
48	
49	
50	
51	
52	
53	31753 
54	
55	55555 
56	13956 
57	
58	358 
59	
60	
61	
62	
63	84763 14763 64763 
64	
65	18765 56565 
66	
67	
68	
69	
70	
71	
72	
73	
74	
75	33975 
76	67676 
77	
78	
79	
80	
81	
82	
83	
84	
85	
86	
87	49287 26987 
88	78888 
89	99989 
90	67890 
91	57391 
92	
93	47893 47993 
94	
95	
96	
97	35197 
98	2698 
99	22599 99999 42699 
100	2699 22699 22999 
101	
102	89102 
103	62699 
104	
105	
106	
107	
108	
109	
110	
111	81111 
112	
113	
114	
115	
116	
117	
118	
119	


 Slots used:		36
 Collisions occured:	66 
 Values not stored:	0
 Load factor:		0.3



CHAINING HASH TABLE

Index	Value
0	55555 99999 
1	
2	27431 
3	49531 14763 
4	1234 78888 
5	90123 92501 47893 49287 
6	
7	39531 
8	22599 71717 62000 
9	37319 89102 26987 
10	62699 
11	11 
12	88531 
13	72501 81111 92345 
14	90911 
15	54545 
16	84763 13956 
17	62501 78901 
18	42699 
19	31753 9531 35197 
20	
21	
22	
23	47993 
24	64763 
25	42501 
26	22699 67676 56565 19501 
27	33975 78911 
28	18765 89531 
29	
30	80800 358 
31	99989 
32	79531 57391 22705 38531 
33	2698 
34	2699 
35	67890 
36	
37	12501 54321 
38	
39	22999 12503 
40	59531 
41	
42	
43	
44	
45	
46	
47	
48	
49	
50	
51	
52	
53	
54	
55	
56	
57	
58	
59	
60	
61	
62	
63	
64	
65	
66	
67	
68	
69	
70	
71	
72	
73	
74	
75	
76	
77	
78	
79	
80	
81	
82	
83	
84	
85	
86	
87	
88	
89	
90	
91	
92	
93	
94	
95	
96	
97	
98	
99	
100	
101	
102	
103	
104	
105	
106	
107	
108	
109	
110	
111	
112	
113	
114	
115	
116	
117	
118	
119	


 Slots used:	33
 Collisions occured:	40
 Load factor:	0.275





My Algorithm:
CHAINING HASH TABLE

Index	Value
0	80800 62000 
1	12501 72501 62501 42501 78901 92501 19501 
2	
3	12503 
4	
5	22705 
6	
7	
8	
9	
10	
11	90911 11 78911 
12	
13	
14	
15	
16	
17	71717 
18	
19	37319 
20	
21	54321 
22	
23	90123 
24	
25	
26	
27	
28	
29	
30	
31	59531 39531 49531 89531 79531 27431 9531 38531 88531 
32	
33	
34	1234 
35	
36	
37	
38	
39	
40	
41	
42	
43	
44	
45	54545 92345 
46	
47	
48	
49	
50	
51	
52	
53	31753 
54	
55	55555 
56	13956 
57	
58	358 
59	
60	
61	
62	
63	84763 14763 64763 
64	
65	18765 56565 
66	
67	
68	
69	
70	
71	
72	
73	
74	
75	33975 
76	67676 
77	
78	
79	
80	
81	
82	
83	
84	
85	
86	
87	49287 26987 
88	78888 
89	99989 
90	67890 
91	57391 
92	
93	47893 47993 
94	
95	
96	
97	35197 
98	2698 
99	22599 99999 42699 2699 22699 22999 62699 
100	
101	
102	89102 
103	
104	
105	
106	
107	
108	
109	
110	
111	81111 
112	
113	
114	
115	
116	
117	
118	
119	


 Slots used:	31
 Collisions occured:	89
 Load factor:	0.25833333

